#AA  Chis                             Eff Freq. Stdv.
#---------------------------------------------------------
ARG 72.50 -67.50 -82.50 -77.50 180.0 11 0.0007 29.8485
ARG 72.50 -67.50 -82.50 152.50 180.0 18 0.0012 41.2309
ARG 72.50 -67.50 -172.50 -77.50 180.0 17 0.0011 21.3874
ARG 72.50 -67.50 -172.50 67.50 180.0 4 0.0003 8.9465
ARG 72.50 -67.50 -172.50 127.50 180.0 3 0.0002 9.6796
ARG 72.50 -67.50 -172.50 -172.50 180.0 7 0.0005 16.0833
ARG -177.50 62.50 -92.50 -77.50 180.0 23 0.0015 24.4624
ARG -177.50 62.50 -92.50 -177.50 180.0 84 0.0055 32.5488
ARG -177.50 62.50 62.50 -107.50 180.0 25 0.0016 21.6860
ARG -177.50 62.50 62.50 82.50 180.0 121 0.0078 21.4535
ARG -177.50 62.50 62.50 -172.50 180.0 137 0.0089 18.0952
ARG -177.50 62.50 177.50 -77.50 180.0 137 0.0089 25.8373
ARG -177.50 62.50 177.50 -17.50 180.0 3 0.0002 13.9307
ARG -177.50 62.50 177.50 87.50 180.0 129 0.0083 15.3539
ARG -177.50 62.50 177.50 157.50 180.0 248 0.0160 24.9469
ARG -172.50 -87.50 -67.50 -137.50 180.0 40 0.0026 16.1331
ARG -172.50 -87.50 -67.50 -82.50 180.0 37 0.0024 19.7633
ARG -172.50 -87.50 -67.50 77.50 180.0 10 0.0006 26.3653
ARG -172.50 -87.50 -67.50 152.50 180.0 81 0.0052 17.7757
ARG -172.50 -87.50 72.50 -117.50 180.0 5 0.0003 17.0326
ARG -172.50 -87.50 72.50 122.50 180.0 9 0.0006 27.6355
ARG -172.50 -87.50 72.50 -172.50 180.0 14 0.0009 17.0933
ARG -172.50 -87.50 177.50 -77.50 180.0 35 0.0023 23.7382
ARG -172.50 -87.50 177.50 62.50 180.0 25 0.0016 28.9382
ARG -172.50 -87.50 177.50 -177.50 180.0 83 0.0054 25.2089
ARG -67.50 -177.50 -67.50 -87.50 180.0 722 0.0467 16.2114
ARG -67.50 -177.50 -67.50 -27.50 180.0 15 0.0010 22.3215
ARG -67.50 -177.50 -67.50 117.50 180.0 455 0.0294 18.7043
ARG -67.50 -177.50 -67.50 177.50 180.0 675 0.0436 17.5312
ARG -67.50 -177.50 67.50 -112.50 180.0 312 0.0202 19.0681
ARG -67.50 -177.50 67.50 82.50 180.0 501 0.0324 20.0946
ARG -67.50 -177.50 67.50 -172.50 180.0 764 0.0494 17.6199
ARG -87.50 67.50 -87.50 -162.50 180.0 39 0.0027 34.5895
ARG -87.50 67.50 -87.50 -77.50 180.0 18 0.0012 23.5581
ARG -67.50 -177.50 -177.50 -82.50 180.0 843 0.0547 18.4284
ARG -67.50 -177.50 -177.50 127.50 180.0 966 0.0627 37.7493
ARG -67.50 -177.50 -177.50 177.50 180.0 1247 0.0809 17.4386
ARG 62.50 -177.50 -67.50 -92.50 180.0 98 0.0065 23.1208
ARG 62.50 -177.50 -67.50 177.50 180.0 173 0.0115 33.0359
ARG 62.50 -177.50 67.50 82.50 180.0 107 0.0072 20.4636
ARG 62.50 -177.50 67.50 -177.50 180.0 180 0.0121 35.2617
ARG 62.50 -177.50 -177.50 -82.50 180.0 207 0.0134 18.6171
ARG 62.50 -177.50 -177.50 22.50 180.0 11 0.0007 26.0728
ARG 62.50 -177.50 -177.50 87.50 180.0 251 0.0162 16.6938
ARG 62.50 -177.50 -177.50 -177.50 180.0 244 0.0158 20.3074
ARG -177.50 177.50 -62.50 -82.50 180.0 358 0.0232 18.2937
ARG -177.50 177.50 -62.50 117.50 180.0 398 0.0258 16.7446
ARG -177.50 177.50 -62.50 172.50 180.0 386 0.0250 19.0207
ARG -177.50 177.50 62.50 -167.50 180.0 373 0.0241 13.6923
ARG -177.50 177.50 62.50 -117.50 180.0 318 0.0206 18.3721
ARG -177.50 177.50 62.50 27.50 180.0 17 0.0011 23.5590
ARG -177.50 177.50 62.50 82.50 180.0 414 0.0268 11.9597
ARG -177.50 177.50 62.50 137.50 180.0 121 0.0078 17.5496
ARG -177.50 177.50 177.50 -82.50 180.0 458 0.0296 21.2700
ARG -177.50 177.50 177.50 -27.50 180.0 17 0.0011 23.9903
ARG -177.50 177.50 177.50 82.50 180.0 373 0.0241 18.8263
ARG -177.50 177.50 177.50 177.50 180.0 815 0.0527 20.8718
ARG -87.50 67.50 97.50 -152.50 180.0 89 0.0058 32.1531
ARG -87.50 67.50 97.50 -62.50 180.0 10 0.0006 28.6003
ARG -87.50 67.50 97.50 72.50 180.0 32 0.0021 26.0586
ARG -87.50 67.50 177.50 -87.50 180.0 47 0.0034 22.5295
ARG -87.50 67.50 177.50 177.50 180.0 128 0.0093 28.6492
ARG -62.50 -67.50 -67.50 -82.50 180.0 289 0.0187 19.0986
ARG -62.50 -67.50 -67.50 52.50 180.0 38 0.0025 40.4419
ARG -62.50 -67.50 -67.50 167.50 180.0 295 0.0191 25.4566
ARG -62.50 -67.50 77.50 -162.50 180.0 107 0.0069 30.6451
ARG -62.50 -67.50 77.50 72.50 180.0 83 0.0054 27.5124
ARG -62.50 -67.50 -177.50 -87.50 180.0 334 0.0216 16.2146
ARG -62.50 -67.50 -177.50 -22.50 180.0 11 0.0007 26.3088
ARG -62.50 -67.50 -177.50 82.50 180.0 239 0.0155 20.6619
ARG -62.50 -67.50 -177.50 -177.50 180.0 414 0.0268 20.5417
ARG 57.50 92.50 62.50 -152.50 180.0 13 0.0008 26.3579
ARG 57.50 92.50 62.50 72.50 180.0 8 0.0005 11.2649
ARG 57.50 92.50 62.50 132.50 180.0 10 0.0006 19.2847
ARG 57.50 92.50 117.50 -87.50 180.0 6 0.0004 24.1893
ARG 57.50 92.50 117.50 82.50 180.0 5 0.0003 18.0236
ARG 57.50 92.50 117.50 177.50 180.0 13 0.0008 18.9919
ARG 57.50 92.50 177.50 -72.50 180.0 17 0.0011 30.7520
ARG 57.50 92.50 177.50 87.50 180.0 8 0.0005 16.5153
ARG 57.50 92.50 177.50 157.50 180.0 31 0.0020 19.9008
ASN -72.50 157.50 4370 0.1545 21.0900
ASN -67.50 -37.50 11476 0.4056 15.3840
ASN 62.50 17.50 3242 0.1146 22.0606
ASN -172.50 -12.50 2634 0.0931 12.6910
ASN -172.50 47.50 3092 0.1093 15.9232
ASN 62.50 -177.50 746 0.0264 25.5680
ASN 177.50 -102.50 2732 0.0966 20.8525
ASP -72.50 167.50 1568 0.0411 12.5277
ASP -67.50 -22.50 16638 0.4362 13.8339
ASP -62.50 77.50 1356 0.0355 16.7724
ASP 62.50 2.50 5594 0.1466 20.0475
ASP -177.50 57.50 3878 0.1017 12.0256
ASP -172.50 -7.50 7286 0.1910 17.2388
ASP 62.50 -177.50 660 0.0173 19.1520
ASP -177.50 177.50 1166 0.0306 20.3404
CYS -67.50 2649 0.5630 11.8296
CYS 62.50 807 0.1715 11.8862
CYS -177.50 1249 0.2655 12.0050
GLN -67.50 82.50 -112.50 96 0.0080 23.4913
GLN -67.50 82.50 -22.50 141 0.0117 23.2534
GLN -67.50 82.50 52.50 219 0.0182 19.4697
GLN -67.50 82.50 157.50 50 0.0042 26.9034
GLN -62.50 -62.50 -52.50 1404 0.1261 18.6245
GLN -62.50 -62.50 62.50 236 0.0212 21.9045
GLN -62.50 -62.50 127.50 442 0.0397 20.3732
GLN 62.50 82.50 -132.50 27 0.0026 25.9866
GLN 62.50 82.50 -17.50 16 0.0015 14.1276
GLN 62.50 82.50 37.50 37 0.0035 18.7386
GLN 72.50 -82.50 -122.50 15 0.0012 14.8890
GLN 72.50 -82.50 -42.50 39 0.0032 22.3291
GLN 72.50 -82.50 42.50 78 0.0064 20.1832
GLN 72.50 -82.50 127.50 29 0.0024 19.9558
GLN 72.50 -82.50 -172.50 24 0.0020 13.5418
GLN -177.50 -87.50 -102.50 19 0.0016 16.1296
GLN -177.50 -87.50 -37.50 125 0.0106 19.6983
GLN -177.50 -87.50 62.50 37 0.0031 19.8480
GLN -177.50 -87.50 137.50 69 0.0059 19.6207
GLN -177.50 62.50 -127.50 331 0.0291 22.5714
GLN -177.50 62.50 -37.50 126 0.0111 28.0136
GLN -177.50 62.50 52.50 755 0.0664 19.6556
GLN 62.50 -177.50 -47.50 245 0.0249 24.7748
GLN 62.50 -177.50 62.50 208 0.0211 23.5713
GLN 62.50 -177.50 -172.50 147 0.0149 22.0744
GLN -67.50 177.50 -7.50 1444 0.1495 23.9685
GLN -67.50 177.50 52.50 1190 0.1232 17.7042
GLN -67.50 177.50 127.50 434 0.0449 20.4708
GLN -67.50 177.50 177.50 553 0.0572 21.0859
GLN -177.50 177.50 -47.50 703 0.0680 24.2524
GLN -177.50 177.50 42.50 843 0.0815 23.7161
GLN -177.50 177.50 177.50 363 0.0351 22.5465
GLU -167.50 -82.50 -42.50 332 0.0170 21.2601
GLU -167.50 -82.50 72.50 64 0.0033 18.6266
GLU -167.50 -82.50 152.50 46 0.0024 19.7183
GLU -67.50 -62.50 -47.50 2245 0.1191 21.5690
GLU -67.50 -62.50 72.50 344 0.0183 22.4668
GLU -67.50 -62.50 162.50 272 0.0144 22.3406
GLU -67.50 82.50 -72.50 266 0.0152 25.8456
GLU -67.50 82.50 42.50 863 0.0494 24.8699
GLU -67.50 82.50 -177.50 124 0.0071 21.4059
GLU 57.50 87.50 -67.50 29 0.0016 21.6949
GLU 57.50 87.50 27.50 81 0.0046 22.0663
GLU 57.50 87.50 -172.50 10 0.0006 23.0032
GLU 67.50 -82.50 -47.50 189 0.0100 20.9184
GLU 67.50 -82.50 17.50 280 0.0148 20.8756
GLU 67.50 -82.50 -177.50 49 0.0026 20.2546
GLU -177.50 62.50 -162.50 173 0.0090 18.4409
GLU -177.50 62.50 -72.50 244 0.0127 21.4522
GLU -177.50 62.50 37.50 1168 0.0608 22.3873
GLU 62.50 -177.50 -62.50 354 0.0177 16.4446
GLU 62.50 -177.50 -2.50 366 0.0183 16.1014
GLU 62.50 -177.50 57.50 422 0.0211 16.8786
GLU 62.50 -177.50 177.50 125 0.0062 21.1936
GLU -67.50 177.50 -12.50 3410 0.1903 21.9509
GLU -67.50 177.50 47.50 2282 0.1274 19.6605
GLU -67.50 177.50 177.50 575 0.0321 18.4312
GLU -177.50 177.50 -42.50 2091 0.1095 25.0650
GLU -177.50 177.50 52.50 1788 0.0936 24.0057
GLU -177.50 177.50 177.50 400 0.0209 19.8694
HIS -67.50 92.50 2714 0.1823 12.4022
HIS -67.50 167.50 1392 0.0935 12.7187
HIS -62.50 -67.50 4136 0.2778 13.6642
HIS 62.50 -77.50 1088 0.0731 13.1510
HIS 62.50 82.50 722 0.0485 13.5376
HIS -172.50 -167.50 674 0.0453 14.5971
HIS -172.50 -82.50 1732 0.1163 12.0510
HIS 177.50 72.50 2432 0.1633 13.0368
ILE -167.50 62.50 1116 0.0306 10.6610
ILE -147.50 -67.50 80 0.0022 17.2165
ILE -62.50 87.50 1010 0.0277 15.0774
ILE -57.50 -62.50 5796 0.1590 7.3609
ILE 57.50 92.50 462 0.0127 15.3706
ILE 72.50 -72.50 88 0.0024 18.0225
ILE -172.50 167.50 2162 0.0593 8.5529
ILE -62.50 172.50 21306 0.5845 6.6714
ILE 62.50 172.50 4430 0.1215 7.1287
LEU -147.50 -152.50 1740 0.0305 11.0739
LEU -97.50 27.50 4808 0.0843 15.7973
LEU -82.50 -62.50 886 0.0155 13.5727
LEU 62.50 82.50 418 0.0073 12.5198
LEU 67.50 -52.50 62 0.0011 18.8194
LEU 72.50 162.50 282 0.0049 14.2280
LEU -177.50 157.50 1182 0.0207 10.4682
LEU -172.50 -77.50 612 0.0107 12.0526
LEU 177.50 62.50 14586 0.2559 7.6314
LEU -62.50 177.50 32428 0.5689 7.8524
LYS 52.50 -82.50 -67.50 -57.50 11 0.0006 34.4249
LYS 52.50 -82.50 -67.50 177.50 28 0.0016 26.7208
LYS 52.50 -82.50 177.50 -67.50 21 0.0011 23.2791
LYS 52.50 -82.50 177.50 62.50 15 0.0008 22.6640
LYS 52.50 -82.50 177.50 -177.50 39 0.0021 16.7992
LYS 62.50 97.50 67.50 72.50 11 0.0007 28.3052
LYS 62.50 97.50 67.50 -172.50 15 0.0009 28.2454
LYS 62.50 97.50 -177.50 -67.50 18 0.0010 21.2652
LYS 62.50 97.50 -177.50 62.50 21 0.0011 19.4848
LYS 62.50 97.50 -177.50 177.50 41 0.0022 16.2758
LYS -177.50 62.50 -67.50 -57.50 17 0.0010 25.1985
LYS -177.50 62.50 -67.50 -177.50 34 0.0019 25.0344
LYS -177.50 62.50 67.50 -62.50 27 0.0014 26.0034
LYS -177.50 62.50 67.50 62.50 48 0.0025 12.6866
LYS -177.50 62.50 67.50 117.50 9 0.0005 12.0748
LYS -177.50 62.50 67.50 177.50 113 0.0060 15.8286
LYS -177.50 62.50 177.50 -112.50 27 0.0014 20.5687
LYS -177.50 62.50 177.50 -62.50 155 0.0082 12.3527
LYS -177.50 62.50 177.50 62.50 146 0.0077 14.6665
LYS -177.50 62.50 177.50 117.50 39 0.0021 19.8902
LYS -177.50 62.50 177.50 177.50 488 0.0258 10.8231
LYS -67.50 -177.50 -67.50 -67.50 247 0.0131 20.9273
LYS -67.50 -177.50 -67.50 112.50 134 0.0071 36.5166
LYS -67.50 -177.50 -67.50 -177.50 654 0.0346 15.7368
LYS -67.50 -177.50 67.50 -72.50 85 0.0045 21.6574
LYS -67.50 -177.50 67.50 62.50 256 0.0136 19.1322
LYS -67.50 -177.50 67.50 177.50 725 0.0384 16.4322
LYS -67.50 -177.50 177.50 -62.50 943 0.0499 17.6599
LYS -67.50 -177.50 177.50 62.50 862 0.0456 18.4225
LYS -67.50 -177.50 177.50 177.50 3730 0.1975 15.6184
LYS -162.50 -87.50 -72.50 -67.50 27 0.0014 15.4083
LYS -162.50 -87.50 -72.50 57.50 15 0.0008 25.1713
LYS -162.50 -87.50 -72.50 177.50 69 0.0037 20.3560
LYS 62.50 177.50 -67.50 -67.50 58 0.0031 14.7588
LYS 62.50 177.50 -67.50 62.50 32 0.0017 15.5198
LYS 62.50 177.50 -67.50 117.50 11 0.0006 19.1110
LYS 62.50 177.50 -67.50 -177.50 149 0.0079 13.3243
LYS 62.50 177.50 67.50 -72.50 20 0.0011 12.1787
LYS 62.50 177.50 67.50 67.50 52 0.0028 10.3936
LYS 62.50 177.50 67.50 122.50 18 0.0010 17.7704
LYS 62.50 177.50 67.50 177.50 126 0.0067 14.5193
LYS 62.50 177.50 -177.50 -62.50 142 0.0075 19.8999
LYS 62.50 177.50 -177.50 62.50 175 0.0093 17.5383
LYS 62.50 177.50 -177.50 -177.50 536 0.0284 14.9891
LYS -177.50 177.50 -67.50 -67.50 150 0.0079 14.2609
LYS -177.50 177.50 -67.50 67.50 76 0.0040 21.2921
LYS -177.50 177.50 -67.50 -177.50 495 0.0262 16.8970
LYS -177.50 177.50 67.50 -72.50 99 0.0052 21.1130
LYS -177.50 177.50 67.50 67.50 160 0.0085 16.3283
LYS -177.50 177.50 67.50 177.50 464 0.0246 18.1394
LYS -177.50 177.50 177.50 -67.50 583 0.0309 17.9057
LYS -177.50 177.50 177.50 62.50 659 0.0349 17.8037
LYS -177.50 177.50 177.50 177.50 2169 0.1148 15.5266
LYS -162.50 -87.50 92.50 57.50 19 0.0011 28.4692
LYS -162.50 -87.50 92.50 -177.50 38 0.0022 29.5629
LYS -162.50 -87.50 177.50 -127.50 25 0.0013 15.1454
LYS -162.50 -87.50 177.50 -67.50 54 0.0029 18.7795
LYS -162.50 -87.50 177.50 62.50 63 0.0033 18.4040
LYS -162.50 -87.50 177.50 177.50 161 0.0085 14.1689
LYS -92.50 67.50 -92.50 -62.50 17 0.0009 23.8771
LYS -92.50 67.50 -92.50 102.50 25 0.0013 28.3197
LYS -92.50 67.50 -92.50 -172.50 45 0.0024 22.0778
LYS -92.50 67.50 67.50 -72.50 18 0.0010 29.1938
LYS -92.50 67.50 67.50 62.50 40 0.0021 17.5229
LYS -92.50 67.50 67.50 177.50 78 0.0041 19.2406
LYS -92.50 67.50 177.50 -122.50 35 0.0019 16.2912
LYS -92.50 67.50 177.50 -62.50 93 0.0049 13.7043
LYS -92.50 67.50 177.50 62.50 117 0.0062 18.9551
LYS -92.50 67.50 177.50 177.50 270 0.0143 15.5612
LYS -62.50 -62.50 -67.50 -62.50 92 0.0049 20.9852
LYS -62.50 -62.50 -67.50 67.50 36 0.0019 25.1642
LYS -62.50 -62.50 -67.50 -177.50 258 0.0137 17.9856
LYS -62.50 -62.50 77.50 -72.50 15 0.0008 27.4218
LYS -62.50 -62.50 77.50 72.50 21 0.0011 25.5547
LYS -62.50 -62.50 77.50 -177.50 83 0.0044 19.5853
LYS -62.50 -62.50 -177.50 -67.50 442 0.0234 17.8362
LYS -62.50 -62.50 -177.50 62.50 383 0.0203 20.6036
LYS -62.50 -62.50 -177.50 -177.50 1199 0.0635 16.3081
MET -87.50 67.50 -167.50 16 0.0024 18.4162
MET -87.50 67.50 -97.50 30 0.0046 16.9125
MET -87.50 67.50 67.50 39 0.0060 24.5215
MET -67.50 -62.50 -72.50 1186 0.1729 15.1671
MET -67.50 -62.50 32.50 15 0.0022 21.9741
MET -67.50 -62.50 102.50 320 0.0466 14.8156
MET -67.50 -62.50 172.50 223 0.0325 19.8967
MET 67.50 -72.50 -157.50 9 0.0014 19.9389
MET 67.50 -72.50 -77.50 18 0.0029 14.8788
MET 67.50 82.50 12.50 4 0.0006 5.9247
MET 67.50 82.50 72.50 27 0.0042 17.0308
MET 67.50 82.50 167.50 20 0.0031 21.6310
MET -177.50 -82.50 -137.50 15 0.0022 17.8042
MET -177.50 -82.50 -72.50 87 0.0125 12.3152
MET -177.50 -82.50 102.50 15 0.0022 15.3139
MET -177.50 -82.50 157.50 16 0.0023 13.4723
MET -177.50 62.50 -167.50 123 0.0184 21.8136
MET -177.50 62.50 -97.50 84 0.0126 17.7579
MET -177.50 62.50 72.50 398 0.0597 15.5982
MET -67.50 -177.50 -77.50 871 0.1298 16.8502
MET -67.50 -177.50 72.50 1048 0.1562 16.1113
MET -67.50 -177.50 -177.50 550 0.0820 20.6111
MET 62.50 -177.50 -77.50 185 0.0269 16.2779
MET 62.50 -177.50 7.50 13 0.0019 22.8711
MET 62.50 -177.50 77.50 153 0.0223 15.3777
MET 62.50 -177.50 -177.50 97 0.0141 17.5672
MET -177.50 177.50 -72.50 484 0.0731 17.0249
MET -177.50 177.50 72.50 469 0.0708 15.6233
MET -177.50 177.50 177.50 223 0.0337 20.5927
PHE -62.50 -82.50 5674 0.2194 9.0571
PHE -62.50 -22.50 2076 0.0803 12.3265
PHE -62.50 82.50 5786 0.2237 10.5338
PHE 62.50 -82.50 1182 0.0457 7.2031
PHE 62.50 87.50 1672 0.0646 8.1233
PHE -177.50 -82.50 1590 0.0615 13.1429
PHE 177.50 77.50 7378 0.2852 10.2201
PHE -72.50 172.50 508 0.0196 15.7422
SER -62.50 5944 0.3097 13.9473
SER 62.50 8759 0.4564 13.2686
SER 177.50 4489 0.2339 14.6968
THR -62.50 8304 0.4538 11.6417
THR 62.50 8502 0.4647 11.9025
THR -172.50 1491 0.0815 17.2080
TRP -67.50 -97.50 486 0.0515 10.7330
TRP -67.50 102.50 2990 0.3165 11.3186
TRP -62.50 -17.50 1176 0.1245 13.2140
TRP 57.50 -92.50 928 0.0982 9.3464
TRP 57.50 87.50 516 0.0546 11.1581
TRP -177.50 -102.50 1486 0.1573 11.0407
TRP -177.50 22.50 540 0.0572 14.1106
TRP -177.50 87.50 1324 0.1402 8.2789
TYR -67.50 82.50 5364 0.2326 12.1920
TYR -62.50 -77.50 5262 0.2282 8.8149
TYR -62.50 -22.50 1442 0.0625 12.1077
TYR 62.50 -82.50 1122 0.0487 8.3048
TYR 62.50 82.50 1618 0.0702 8.0934
TYR -177.50 -82.50 1522 0.0660 11.8303
TYR 177.50 77.50 6728 0.2918 10.0764
VAL -62.50 4225 0.1843 15.1085
VAL 67.50 1941 0.0847 20.3667
VAL 177.50 16754 0.7310 9.8021